url_path,views_total,views_unique
/slacgismo/gridlabd,43,21
/slacgismo/gridlabd/pulls,7,3
/slacgismo/gridlabd/pull/1186,5,2
/slacgismo/gridlabd/releases,4,1
/slacgismo/gridlabd/tree/master/cloud/websites,4,1
/slacgismo/gridlabd/issues,3,1
/slacgismo/gridlabd/blob/master/CONTRIBUTING.md,2,2
/slacgismo/gridlabd/discussions,2,2
/slacgismo/gridlabd/issues/1095,2,2
/slacgismo/gridlabd/pull/1206,2,2
